Beta2	80
s/c	"Yp,a"
0.30727766	0.071993407
0.325067417	0.070181216
0.338005382	0.068369025
0.354177948	0.066556834
0.370350405	0.065733113
0.392991953	0.06425041
0.41078171	0.062932457
0.431805959	0.061449748
0.449595716	0.060790771
0.464150981	0.059802306
0.48355793	0.05897858
0.504582069	0.058484348
0.530458218	0.057331133
0.546630783	0.057331133
0.566037732	0.057331133
0.582210189	0.056836901
0.603234546	0.056836901
0.621024303	0.057495883
0.648517534	0.057331133
0.666307291	0.057825365
0.680862556	0.058649092
0.692183331	0.059967051
0.706738488	0.060626027
0.726145545	0.060626027
0.742318001	0.061449748
0.760107758	0.06210873
0.777897515	0.062602963
0.797304572	0.063756177
0.821563312	0.065403624
0.840970369	0.066556834
0.8684636	0.068039536
0.881401566	0.068698513
0.900808514	0.069851728
0.92021568	0.070510704
0.94123982	0.071499175
0.960646985	0.07347611
0.986522916	0.074629325
1.005929865	0.076441516
1.031805796	0.077594731
1.044743979	0.079406922
1.064150927	0.08088962
1.077088893	0.081713346
1.099730441	0.083360787
1.091644267	0.082537067
Beta2	75
s/c	"Yp,a"
0.30727766	0.068533775
0.320215626	0.066721583
0.338005382	0.064909392
0.349326157	0.063426689
0.367115914	0.061614498
0.381671179	0.059802306
0.401078128	0.057495883
0.417250693	0.05584843
0.439892242	0.053542006
0.46091649	0.052553541
0.48517523	0.050906094
0.517520252	0.04958813
0.541778992	0.048434932
0.56280324	0.047940688
0.585444789	0.0476112
0.608086228	0.047116962
0.630727777	0.047281712
0.656603817	0.04744645
0.680862556	0.047281712
0.709973088	0.04744645
0.732614527	0.048270182
0.758490567	0.048929153
0.78921829	0.049093903
0.819946121	0.050247123
0.853908335	0.050741345
0.883018757	0.052553541
0.910512097	0.05370675
0.928301854	0.055024709
0.950943402	0.056342668
0.967115968	0.057495883
0.988140108	0.058649092
1.002695482	0.060296539
1.020485239	0.061449748
1.036657587	0.062438219
1.052830153	0.063591433
1.062533736	0.064415154
1.07385451	0.065568369
1.088409667	0.066392089
1.102964824	0.067710048
Beta2	70
s/c	"Yp,a"
0.310512151	0.066886322
0.316981134	0.065897857
0.3299191	0.064085666
0.336388191	0.062767707
0.350943457	0.061120265
0.362264014	0.05897858
0.386522971	0.056342668
0.378436688	0.057825365
0.397843528	0.055189453
0.407547219	0.054200983
0.420485185	0.053047774
0.428571467	0.051894559
0.436657642	0.051235583
0.444743924	0.050082373
0.454447399	0.04958813
0.465768173	0.048434932
0.478706247	0.047281712
0.490026912	0.046128497
0.504582069	0.045304771
0.515902952	0.044316306
0.530458218	0.043492585
0.545013483	0.042339381
0.559568749	0.04151565
0.575741097	0.04052719
0.58867928	0.040032947
0.601617246	0.03937397
0.616172511	0.038879732
0.630727777	0.038550244
0.648517534	0.038220755
0.664689882	0.037891267
0.679245256	0.037561779
0.698652313	0.037561779
0.713207579	0.037726523
0.726145545	0.037726523
0.74070081	0.037891267
0.753638776	0.038056011
0.769811341	0.038220755
0.785983798	0.038550244
0.800539064	0.039044476
0.816711629	0.03937397
0.832884086	0.03937397
0.850673843	0.040197691
0.866846409	0.041021417
0.883018757	0.04151565
0.89595694	0.042339381
0.908894906	0.043327841
0.925067471	0.044151573
0.938005437	0.045304771
0.952560594	0.046128497
0.963881368	0.046622741
0.980053934	0.0476112
0.989757082	0.048434932
1.004312673	0.048929153
1.01886783	0.04958813
1.031805796	0.050906094
1.044743979	0.051729821
1.064150927	0.053212518
1.078705867	0.054365733
1.088409667	0.055518942
1.102964824	0.056342668
Beta2	65
s/c	"Yp,a"
0.305660251	0.067051072
0.318598434	0.065568369
0.3299191	0.064415154
0.336388191	0.062932457
0.344474257	0.061449748
0.355795139	0.059967051
0.368733214	0.058154859
0.383288371	0.056177924
0.401078128	0.054036239
0.415633285	0.053377262
0.428571467	0.051400321
0.444743924	0.04958813
0.454447399	0.048599665
0.467385473	0.047281712
0.472237155	0.046293247
0.486792312	0.045140032
0.499730495	0.043822073
0.517520252	0.042009882
0.535310009	0.040691923
0.551482466	0.038879732
0.569272223	0.037561779
0.593530854	0.035914326
0.611320611	0.034925861
0.63881406	0.03327842
0.659838308	0.032454693
0.679245256	0.031795717
0.703503996	0.030807241
0.721293753	0.030477752
0.73908351	0.029983525
0.758490567	0.029654037
0.779514815	0.029489287
0.798921872	0.029159799
0.823180612	0.029324538
0.844204861	0.029324538
0.863611809	0.029654037
0.879784374	0.029818776
0.899191323	0.030477752
0.92021568	0.031136729
0.94123982	0.031960455
0.950943402	0.032289944
0.960646985	0.03311367
0.973584951	0.033937396
0.988140108	0.035090611
1.005929865	0.036079076
1.023719622	0.037561779
1.039892187	0.0383855
1.051212961	0.039703458
1.06738531	0.041021417
1.083557875	0.042174626
1.09487865	0.043327841
Beta2	60
s/c	"Yp,a"
0.30727766	0.064579898
0.3266845	0.061614498
0.341239765	0.059308074
0.363881422	0.056342668
0.378436688	0.054200983
0.401078128	0.051235583
0.418867885	0.049258642
0.439892242	0.046787474
0.464150981	0.044151573
0.48355793	0.042009882
0.501347687	0.039868202
0.519137444	0.038220755
0.533692709	0.037067541
0.554716958	0.035584838
0.575741097	0.034431623
0.601617246	0.03294892
0.619407003	0.031795717
0.63719676	0.030642502
0.664689882	0.029159799
0.682479639	0.028006584
0.698652313	0.027018119
0.71644207	0.026523881
0.729380036	0.025700155
0.74070081	0.025535416
0.756873267	0.025041178
0.774663024	0.02487644
0.794070081	0.024382202
0.811859838	0.024382202
0.831266786	0.024052713
0.847439352	0.023723225
0.865229	0.023887964
0.883018757	0.023887964
0.904043114	0.024052713
0.92021568	0.024382202
0.938005437	0.025041178
0.952560594	0.025864905
0.967115968	0.026523881
0.984905725	0.027018119
1.001078073	0.028171334
1.015633447	0.028830311
1.031805796	0.029654037
1.044743979	0.030477752
1.062533736	0.031466228
1.075471701	0.032454693
1.085175067	0.03327842
1.099730441	0.034266884
Beta2	50
s/c	"Yp,a"
0.30727766	0.063426689
0.315363943	0.06210873
0.328301908	0.060626027
0.334770891	0.059308074
0.347708857	0.057495883
0.357412439	0.056177924
0.368733214	0.054859965
0.378436688	0.053212518
0.389757462	0.051894559
0.404312728	0.050247123
0.420485185	0.048270182
0.433423042	0.046787474
0.451212799	0.044151573
0.465768173	0.042833608
0.478706247	0.04151565
0.496496004	0.039868202
0.511051269	0.038220755
0.523989235	0.037067541
0.546630783	0.034761111
0.55795134	0.033772646
0.574124015	0.032289944
0.58867928	0.031136729
0.608086228	0.030148264
0.627493285	0.029159799
0.640431251	0.028171334
0.651752025	0.027347608
0.669541782	0.02685337
0.680862556	0.026029654
0.693800522	0.025700155
0.705121296	0.025041178
0.71644207	0.024382202
0.730997336	0.023887964
0.745552601	0.023558487
0.761725058	0.023064249
0.781132115	0.022899499
0.798921872	0.022405272
0.816711629	0.022075773
0.831266786	0.021416796
0.852291035	0.021087308
0.8684636	0.020922569
0.884636166	0.020922569
0.902425923	0.020922569
0.92021568	0.020593081
0.931536454	0.020593081
0.952560594	0.020593081
0.975202142	0.020757819
0.996226282	0.020757819
1.020485239	0.021416796
1.044743979	0.021746295
1.062533736	0.022405272
1.083557875	0.022570011
1.099730441	0.023064249
Beta2	40
s/c	"Yp,a"
0.328301908	0.058649092
0.344474257	0.057166389
0.354177948	0.055518942
0.362264014	0.05370675
0.375202196	0.051894559
0.386522971	0.050247123
0.397843528	0.048764415
0.414016202	0.046787474
0.431805959	0.044810544
0.444743924	0.042998353
0.45929919	0.042009882
0.470619964	0.040362435
0.486792312	0.038220755
0.501347687	0.036573308
0.515902952	0.035090611
0.533692709	0.033937396
0.546630783	0.032619432
0.564420432	0.031466228
0.580592997	0.029818776
0.598382754	0.028830311
0.616172511	0.027841846
0.633962268	0.027182869
0.648517534	0.026194393
0.666307291	0.025535416
0.685714131	0.02471169
0.697035013	0.024052713
0.713207579	0.023558487
0.732614527	0.022570011
0.752021584	0.021746295
0.771428533	0.021252057
0.79083559	0.020922569
0.808625347	0.020428331
0.829649595	0.020263581
0.847439352	0.019934104
0.870080792	0.019439866
0.883018757	0.018780889
0.900808514	0.01861614
0.91698108	0.018286651
0.936388028	0.018286651
0.955795194	0.018121913
0.971967325	0.018121913
0.988140108	0.018121913
1.007546839	0.018121913
1.02210243	0.017957163
1.044743979	0.018121913
1.062533736	0.018121913
1.080323493	0.017957163
1.09811325	0.017957163
